      17.25          40    -191.271
    15.1825      39.354    -5.31338
    15.1081     39.3674     -5.6784
    15.3492     41.5705    -5.71564
    15.4505     40.6963    -5.75669
    14.0452     30.9324    -6.66161
    14.4878     30.6298    -7.92611
     13.893     30.4464    -8.33681
     14.298     30.7014    -5.36036
    14.8045     35.4551     -5.2804
    15.2099     39.3453    -5.29879
    15.1849     38.9343    -5.32216
    16.6196     51.9137    -5.97288
    16.5308     51.9358    -5.50777
    17.1134     57.2017    -5.82172
    17.1001       57.22    -5.72972
    16.9769     57.1678    -5.82892
    17.2613     58.4602    -6.05871
     16.189     46.7719    -7.16863
    16.2242     46.8162    -7.77041
    16.3657     50.8672     -5.6128
    16.2148     49.3437    -5.56466
    16.7507     53.9107    -5.57857
    16.6959      53.509    -5.54106
     16.916     54.3442    -6.69827
    17.1493     57.1224    -6.22356
    17.5537     61.4232    -6.19778
    16.7748       55.59    -6.23437
    16.8151     54.3657    -5.65952
    16.6626     53.7229    -5.62137
    16.6197       53.52    -5.73676
    16.6346     53.3497    -5.58085
    16.7882      53.947    -5.73351
    16.5748     53.7001     -6.3375
    16.8702     56.4115    -6.09483
    16.6094     52.7179    -5.52077
    6.23248    -18.3169    -4.33513
    10.6123     3.79934    -4.70365
     10.775     4.05192    -5.02393
    10.5114     2.48205    -4.91402
    10.1388     2.12508     -5.4821
    7.59457    -12.6151    -4.43219
    7.93658    -11.0263    -4.45837
    7.95503    -10.9078    -4.46265
    8.84307      -7.773    -5.29154
    1.42937    -29.1948    -4.16916
   -2.18877    -28.7777    -4.18752
    1.95311    -28.6909     -4.1731
   0.684713    -29.0018    -4.51049
    2.10789    -29.5302    -4.53521
   -1.19993    -30.5468     -4.6266
    6.84773    -17.7113    -5.95683
   0.668337    -29.6498    -4.16607
    1.87323    -29.9864    -4.69787
 -0.0554296    -28.8342    -4.81891
   -1.88046    -29.7542    -4.49029
    1.71961    -29.3638    -4.18673
   -2.77902    -27.9153    -4.20603
  -0.991573    -29.3166    -4.22081
   -7.43995    -12.2863    -5.03095
   -5.33948    -20.9885    -4.38813
   0.341192    -32.4856    -7.31745
    8.44597    -7.73762     -4.8687
     9.8033    -2.01107    -4.97588
    9.75313    -1.86079    -4.69521
    9.57285    -2.74709     -4.6272
  -0.574808    -31.3057    -5.12893
  -0.728639     -29.626    -4.16617
    1.77645    -29.7348    -4.38849
    3.15654     -28.394    -5.14679
   -8.83387     -6.6675    -4.53375
   -7.96129    -10.5164    -4.56735
   -6.46256    -17.0818    -4.42486
   -5.40355    -21.2511    -4.28651
   -7.78276    -11.5494    -4.48231
   -4.35336    -24.0107    -4.28137
    6.40971    -18.0478    -4.41548
    6.54002    -18.1604    -4.84627
     7.9167    -12.1109    -4.87078
    -1.6807    -27.6025    -5.35601
   -3.43102    -27.9058    -5.23227
   -1.41895    -27.4442    -6.05534
    2.30953    -26.1504    -6.69718
   -7.42384    -13.9623    -4.53919
   -7.45465    -12.9219    -4.50095
   -6.79977    -15.3998     -4.6375
   -7.25922    -15.6968    -5.53752
    1.61878    -31.6851      -7.207
   -5.39535    -21.4453    -4.30189
    5.48588    -20.1081     -4.6637
    5.36029    -21.1142     -4.3195
    9.91313    -0.56367    -4.63281
    10.0434     -1.1856    -5.69112
    9.63118   -0.727966      -5.647
    8.81492    -6.41626    -4.56622
   -1.99584     -27.165    -5.50524
   0.371603    -30.7385    -4.44526
   -3.06835    -28.0876     -4.6034
     5.4981    -21.0886    -4.30398
   -4.35471    -25.0897    -4.53849
   -4.11736    -25.0098    -4.22979
   -4.49731    -24.0277    -4.24615
     5.6232    -20.9735    -4.40419
    2.32907    -27.1918    -4.86474
    3.80809    -26.0681    -4.30055
    4.38357    -23.8042    -4.32945
    4.07069    -24.9499    -4.22643
    5.24586    -19.9898    -5.81712
    9.50034   -0.479502    -7.57727
    9.51286    -5.11035    -7.14379
    9.24369    -6.26184     -6.3643
     8.1594    -8.84956    -5.16682
    8.06024    -8.84986    -5.84292
    5.71546    -19.9055    -4.34719
      4.142    -25.5814    -4.49139
   -6.02431    -19.7603    -4.53187
    1.44211    -29.3316    -4.15185
    1.64572    -29.7852    -4.33261
   -2.20891    -27.2379    -5.00771
   -2.05096    -27.0091    -5.65622
  -0.651584    -30.8046    -4.57683
   -3.54398    -27.0791    -4.56197
    3.96357    -24.0407    -4.99574
    2.51974    -27.2081    -4.56576
   0.559654    -29.4674    -4.23824
    5.89922    -18.5769    -4.79748
     -1.414    -30.8594    -5.21519
    4.34325    -22.7259    -5.53879
   -2.04722    -29.7716    -4.69079
   -2.43745    -29.2444    -4.69724
 -0.0714791    -29.3362    -4.35979
   -1.71444    -29.5562    -4.25106
   -2.95711    -27.8087     -4.2775
   -6.04448    -19.9835     -4.7689
    2.58846    -26.6743    -5.03948
    -4.4637    -25.3744     -5.1537
   -2.92896    -27.3911    -4.18398
   -2.30742    -28.5695    -4.18099
  0.0361731    -30.2064    -4.16186
    4.66686    -23.6776    -4.27173
   -3.35298    -25.3168    -5.05538
   -5.10538    -22.4436    -4.30538
   -4.54134    -21.9986    -5.88931
    4.61629    -22.7584    -4.60699
    4.22682    -23.8385    -4.55116
    3.42017    -25.7721    -4.45719
   -1.14347    -29.0442     -4.3058
   0.682911    -29.1657    -4.38386
    2.33844    -28.9883     -4.3655
    3.15117    -28.6001    -5.43682
    2.71541    -28.4816    -4.41791
   -1.27351    -29.9078    -4.22632
   0.140959    -31.1004    -4.75259
   -4.21637    -25.4683    -4.55066
   -5.67261    -19.3461    -4.80174
    3.50056    -26.9318    -4.38654
    3.80474    -24.2328    -5.22729
   -0.03109    -32.1667    -6.48831
   -6.30746    -20.3143     -6.8694
   -6.34756    -19.9315    -6.38007
   -6.02995    -21.4663    -7.14106
   0.540454    -31.8868    -6.09106
   0.572696     -30.659    -4.42895
   -1.10573    -29.3723    -4.18062
   -5.71372    -20.2885    -4.30709
   0.723554    -30.7869    -4.58861
    5.92228    -19.6868    -4.33762
    6.94394    -15.1129    -4.47046
    2.72459    -28.0699    -4.22165
   -3.06871    -27.3735    -4.20727
   -2.95147    -25.8516    -5.36221
   -2.20128    -27.5674    -4.64387
   -2.82533    -27.6076    -4.18038
    3.24971    -26.5638    -4.22918
    5.28209    -21.6985    -4.28232
    5.31517    -21.9129    -4.35707
   -2.34315    -26.9612    -5.13636
   0.336883    -29.1395     -4.4825
    2.56746    -30.3476    -6.87667
    2.74601     -25.842    -5.97535
   -4.71251    -21.9382    -5.23084
   -6.55753    -16.7668    -4.41084
   -7.43134    -13.1062    -4.46984
  -0.751902     -29.987    -4.15555
  -0.229631    -30.4112    -4.23188
    0.53749    -29.7454      -4.156
    -1.5894    -28.7353    -4.28154
   0.996462    -30.5172    -4.47759
   -1.20129     -29.505    -4.14961
    1.25722    -28.1668    -5.07183
   -1.78131    -29.2382    -4.17439
    2.19512    -29.5024    -4.61385
   0.447886    -30.8156    -4.52492
    2.42236    -29.6101     -5.1089
    3.56832    -27.0322    -4.56716
   -1.06265    -29.6729    -4.14618
    3.14452    -27.3896    -4.25328
   0.285697    -31.8857    -5.96534
    4.29086     -25.808    -5.11894
    3.39246    -28.6542    -6.41741
    1.20646    -29.5284    -4.14835
   -6.20006    -17.8372    -4.53148
   -6.20006    -17.8372    -4.53148
   -3.32289    -26.4374    -4.22696
    2.84674    -28.2112    -4.38729
  -0.330626     -28.973    -4.63522
   -5.22232    -21.5831    -4.30447
    4.26808    -23.9406    -4.40824
    10.2652     2.26354     -4.8792
    8.50112    -9.07455    -4.78702
    5.28262    -22.5117    -4.67031
    4.89041    -22.8306    -4.26006
    5.03231    -21.5123    -4.66357
    6.02475    -18.3628    -4.60164
    7.14065    -14.4689    -4.42289
   -1.26057    -30.3986    -4.53146
    1.82292    -28.1941    -4.48434
    9.27555    -6.75274    -7.85642
    8.14649    -7.87221    -6.93247
    7.50188    -11.4222    -5.85725
    7.83203    -12.2367    -4.65126
    6.67766    -16.5681    -4.36491
    7.19758    -15.5273    -4.97075
    7.04941    -14.0167    -4.96681
  -0.812474    -28.8898    -4.55978
    8.16862    -8.97958     -4.9766
   -2.65646    -27.2545    -4.37326
   -3.89873    -26.9811    -5.40397
    -6.4461    -16.0693    -5.42132
   -6.86282    -17.0023    -5.01642
   -6.37429    -16.9089    -4.75014
   -6.84624    -15.7772    -4.38786
   -8.12603    -11.7836    -5.73991
   -7.65357    -12.1769     -4.4646
   -6.48857    -17.5688    -4.37081
   -6.84843    -17.2658    -5.26748
   -2.86025    -26.3655    -4.87783
    3.56437    -26.6197    -4.29692
   -6.08687    -18.3262    -4.48188
    1.47359    -30.3716    -4.67465
    1.46861    -30.2841    -4.58479
   -6.95141     -15.328    -4.39745
    4.93139     -22.446    -4.29545
   -4.06511    -25.0776     -4.2237
    5.09709    -22.0221    -4.28725
    2.89269    -28.1187     -4.3801
    -3.4423    -26.6182    -4.21468
   -3.56748    -26.1428    -4.20486
   -1.54076    -28.4871     -4.4729
   0.271689    -29.3205     -4.3569
   -3.56524    -25.6278     -4.3602
     5.1504     -21.495     -4.4227
    7.37087    -14.3335    -4.61212
   -1.88755    -27.8258    -4.76919
   -4.32721    -26.1081    -5.72289
   -1.69839    -30.6587     -5.3163
    -1.8041    -30.5186    -5.27433
     1.8931    -30.3959    -5.24029
  -0.945827    -31.3865    -5.51417
  -0.505056    -29.2422    -4.37378
    4.04941    -24.1121    -4.69156
    5.55495    -21.5975    -4.66005
    2.14352    -28.7758    -4.17532
   -1.14498    -30.1217    -4.27963
    3.43396     -25.054    -5.19111
    4.47078     -25.416    -5.23776
    4.88748    -23.6489    -4.59213
    5.84995    -20.8942    -4.98529
    6.64615    -17.9507    -5.08377
    1.66372    -30.1159      -4.602
     -5.481    -20.4303    -4.44593
   -7.64783    -13.0102    -4.58803
   -5.69425    -19.4752    -4.62054
   -3.65579    -26.6375    -4.41654
   -5.91948    -18.8394    -4.52594
    4.87416    -22.8212    -4.26058
    1.63236    -29.0082     -4.1723
     4.1769    -24.3053    -4.33387
    5.10698    -21.6194    -4.42558
    2.24148    -28.1741    -4.21633
    -6.5423    -18.2341    -4.93187
   -7.72727      -9.924    -6.77786
   -7.72727      -9.924    -6.77786
    -6.6321     -15.127    -5.76745
   -7.08564     -14.368    -4.55404
    3.24354    -27.2057    -4.25855
    3.23085    -28.1306    -4.98919
    5.70678    -20.2289     -4.3033
   -2.05607    -31.6781    -8.50206
   -1.78147    -32.1267    -8.89593
  -0.995479    -31.8111    -6.36798
    9.88059     1.19909    -6.45509
    9.01946     -4.0409    -5.75453
    10.0091     1.56972    -5.78886
    9.84175    -1.84475    -5.03225
    9.81552   -0.622834    -4.73446
    6.07822    -19.8033    -4.71833
    7.19658    -15.0108    -4.54958
    7.23262    -15.1044    -4.72017
     2.0687    -28.7983    -4.16523
   -2.98252     -27.233    -4.18977
   -1.86436    -28.8812    -4.16073
    4.28254    -25.0001    -4.35821
     2.3535    -27.8751    -4.27542
    4.93882    -22.7512    -4.26479
    4.69696    -23.1607    -4.27515
    4.37324    -24.9575    -4.47765
    2.47412    -27.8309    -4.22644
    2.40443    -27.8767    -4.24501
   0.876853    -29.5568     -4.1669
    1.37742    -29.4909    -4.15175
    3.58034    -25.6667    -4.32348
    3.93678    -25.5032     -4.2296
    3.09075    -28.0583    -4.61522
    4.12314     -23.777    -4.85594
    4.53916    -25.5485     -5.7394
   -2.12932    -31.4232    -8.03671
    2.08344    -27.8479    -4.52332
  -0.351982    -29.9063    -4.14268
   -6.33613    -18.1732    -4.36478
   -5.39705    -20.8181    -4.38443
   -6.31299    -17.3029    -4.61422
   -5.72732    -20.5202    -4.36957
   -3.91706    -24.8676     -4.3573
    6.88024     -16.726    -4.80707
    4.88335    -22.0287    -4.59355
    1.98308    -26.7385    -6.32687
    2.38178    -30.2345    -6.04352
   -4.18417    -22.6665      -6.394
    2.40457    -30.0423    -5.74807
    -4.3777    -24.9929     -4.5117
   -2.47196    -29.1455    -4.64996
   -2.97517    -28.9834    -5.52766
    1.47602    -30.4859     -4.8006
    1.57198    -30.8596    -5.43434
   -8.37914    -8.72999    -4.51294
   -7.64609    -12.4628    -4.43278
   -5.96998    -20.1992    -4.71594
   -6.96512    -16.0067    -4.54016
   -6.95388    -15.7127    -4.40636
   -6.60043    -17.9353    -4.86335
   -6.16693    -18.4489    -4.34066
   -6.78086    -15.2269    -4.84969
   -7.89443    -9.87064    -5.47845
   -4.51436    -22.9679    -4.66394
   -2.73993    -27.9183    -4.19253
   -3.69098    -24.9872    -4.63718
    1.61556     -28.842    -4.22381
   -3.53766    -25.4554    -4.51519
   0.488677    -28.9415    -4.62864
    1.23442    -30.2421    -4.39257
    4.98089    -21.9305     -4.4609
    5.62376    -22.2267    -5.76861
    4.36971    -23.8384    -4.32982
    4.13239    -23.9737    -4.63384
     6.0153    -18.0228    -4.95089
    5.54043    -22.1433     -5.2082
    4.51923    -24.7868    -4.66009
    3.11592    -26.2539    -4.53629
     3.8473    -26.3086    -4.49507
   -4.65483    -23.7608    -4.28288
   -2.49376     -27.485    -4.38241
   -4.29764    -24.5003    -4.23366
    -4.3746    -24.6185    -4.30082
    4.44097    -24.1966    -4.24548
   -2.43799    -27.9217    -4.21375
    1.51877    -29.3062      -4.152
   0.264256    -30.5711    -4.31609
    7.30132    -12.2717    -5.91305
    7.10044    -15.2824    -4.47546
    7.09786    -14.8138    -4.39497
    8.26392    -8.65469    -4.84965
    8.49842    -8.26737    -4.50374
   -5.72667    -18.6684     -5.4192
    -6.6839    -17.9004     -5.2124
   -6.67489    -17.3789    -4.64086
     1.7398    -30.0062    -4.57358
   -2.57715     -27.752     -4.2063
    3.68458     -26.433    -4.33626
   -3.57317     -25.647    -4.34093
  -0.106547    -30.3624    -4.20742
   0.345078    -29.7662    -4.16068
   -2.54133    -28.9862     -4.5994
   -5.14049    -20.8067    -5.07383
    5.07084    -23.3877    -4.87594
    -4.6762    -23.7814     -4.3081
    1.82611    -30.1229    -4.78809
   -7.37782    -12.9593    -4.66538
   -6.32047    -18.7996    -4.64757
    -6.3411    -18.6685      -4.609
   -5.71592    -20.8966    -4.54752
   -5.03018    -23.1008    -4.50613
    2.57448    -26.6712    -5.07194
    1.84618    -28.8933    -4.16105
    8.75638    -9.81248    -8.48515
    6.03904    -21.3665    -6.98501
    5.62616    -21.3564    -4.66211
    6.00847     -20.138    -4.79001
   -3.03356    -28.8586    -5.49753
   -3.68575     -29.114    -9.29462
   -1.00505    -27.1832      -7.305
    1.53188    -30.4517    -4.81998
   -2.72583    -27.2017    -4.33961
   -1.68243    -30.6164    -5.22862
    2.95678    -26.8976    -4.29922
   -1.11378    -29.1349    -4.26816
   -1.24373    -28.4338    -4.75561
  -0.822665    -27.9267    -5.89288
    2.04949    -28.3973    -4.22013
    2.12119    -28.1884    -4.26956
  -0.583067    -30.8252    -4.57196
    4.34701     -24.017    -4.28426
    5.02169    -22.2855    -4.27769
    4.09882    -25.3338    -4.29434
    -2.1582    -28.6969    -4.16819
    -4.7969    -23.2777    -4.27186
   -4.43573    -24.1634    -4.24103
    2.34997    -27.1994    -4.82238
    2.98177    -28.1071    -4.48472
    5.00105    -21.5485    -4.71524
   0.732854    -29.2897    -4.29394
   0.658938    -28.7819    -4.73438
  -0.927071    -30.0605    -4.19544
   -4.63231    -23.8943     -4.3028
   -4.69691    -23.0731     -4.2984
    5.27591    -21.1011    -4.42997
    4.44926    -24.4786    -4.32655
  -0.328576    -31.0957    -4.77734
    -7.6268    -11.9576    -4.60652
   -7.41396    -11.1804    -7.12879
   -7.02689    -16.6981    -5.52932
   -6.78185     -17.203    -4.87148
   -7.96481    -10.9723    -4.45766
   -8.07142    -10.4203    -4.46683
   -6.67323     -16.405    -4.39084
   -4.21981    -24.6679    -4.22955
    1.82031    -28.3854     -4.3496
   -5.06971    -21.0569    -5.02855
   -7.64963    -13.5745    -5.07105
   -7.82753     -12.599    -4.92709
   -9.74876     -1.0313    -4.72017
   -8.27186    -10.3104     -4.8333
   -10.5675     3.52773    -4.69916
   -11.3284     8.34551    -4.79406
   -11.0076     7.65148    -5.59319
   -7.40148    -12.4617    -5.02345
   -6.08251    -18.8411    -4.32723
   -7.02468    -15.8372    -4.59268
   -7.09685    -14.8686    -4.39253
   -7.09685    -14.8686    -4.39253
   -8.06889    -10.6029    -4.47511
   -7.73173     -11.558    -4.56847
   -8.04825    -10.6588    -4.46849
    5.05912       -23.8     -5.3613
     0.9495    -29.7486    -4.14515
  -0.969017    -28.6158    -4.75289
  -0.116073    -31.3437    -5.04875
   -6.72723    -16.3899     -4.3673
   -8.51955    -8.12444    -4.50845
   -7.82402    -10.0773    -5.66036
    -8.5545    -9.37056    -5.38338
   -5.46243    -19.7546     -5.1268
   -6.36502     -19.587    -5.85869
   -2.09163    -28.6075    -4.16554
   -9.24167    -4.90011    -4.70408
   -9.03082    -4.49143    -5.09099
   -9.23896    -4.07694    -4.61703
   -7.69936    -11.4426    -4.73592
   -6.63143    -15.4556    -5.27379
   -1.45258    -31.2614    -5.94544
    5.92424    -19.0635    -4.39899
    -1.2619    -28.1376    -5.10708
   -3.73379    -27.8088    -6.19245
   -4.70257     -23.546    -4.26727
   -3.77457    -26.2373     -4.3425
   -3.33975    -26.1682    -4.31413
    1.01395    -30.8685    -4.83816
   -3.97343    -23.2689    -6.20868
   -6.87645    -17.9684      -6.697
   -8.33393    -11.6623    -7.60934
   -8.07926    -9.01001    -5.45762
   -7.76467    -12.1905    -4.48042
   -8.72426    -7.45547    -4.56287
   -8.77802    -7.78392    -4.93076
   -9.50532    -4.24673    -5.50624
   -8.76885     -8.3126    -5.47767
   -8.59488    -6.62861     -5.2416
   -9.29696    -5.43064    -5.49834
   -7.24424    -14.0553    -4.42306
    -8.7146    -8.92502     -5.9793
   -8.30506    -9.10997     -4.5049
   -2.80753     -26.707    -4.61076
   -1.00196    -30.1798    -4.26116
   -1.65128    -28.8077    -4.22413
   -1.74598     -29.237    -4.16719
    4.05811    -23.4346    -5.54299
    1.30878    -31.3233    -5.83662
   -7.34223    -14.6094    -4.71572
   -7.62324      -13.47     -4.8398
   -4.69536    -23.5876      -4.271
   -2.30671    -28.5985    -4.18604
   -7.36151    -13.2752    -4.52057
   -7.47943     -12.486    -4.68768
   -7.85635    -11.7071    -4.47412
   -11.2461     5.99062    -6.67761
   -10.5409      5.3033    -6.63644
   -9.21805    -4.56281    -4.56681
   -11.5384     10.7728    -5.15238
   -11.9872     14.0135    -5.26928
   -2.20593    -28.2188    -4.21644
  -0.691296    -29.7782    -4.14593
   -1.19843    -30.2806    -4.40076
     -1.115    -29.2686     -4.2109
    2.49581    -29.1079    -4.64849
    5.78409    -21.3752    -5.30456
    4.25964    -24.8577    -4.27649
    4.25964    -24.8577    -4.27649
    -2.9726    -26.7041    -4.39266
    2.65041    -27.4608     -4.2688
    4.26489    -23.9702    -4.39559
      2.455    -28.4305    -4.19906
    1.28064    -29.2064    -4.19414
   -2.03186    -28.3229    -4.25727
    1.22354    -29.9404     -4.2238
     1.2154    -29.8457    -4.18956
   0.722548    -28.9335    -4.55703
    2.33385     -30.558    -6.57026
      1.543    -29.4615    -4.16782
    1.97898    -28.7189    -4.16568
    2.71329    -28.7859    -4.67179
   -3.91392    -27.4619    -6.33384
   -3.15015    -24.2737    -7.96931
  -0.912312    -27.8729    -5.90697
    -2.7092    -28.9042    -4.78892
   -4.82151    -24.0772    -4.80927
   -2.77309    -28.9982    -5.03075
    -3.5022    -25.0686    -4.98533
   -5.06519    -23.6263    -5.14409
   -8.71276    -8.93972    -5.98784
    -2.7162    -28.3131    -4.31591
   -3.41404     -24.964     -5.3834
   -2.36067    -26.9885    -5.06567
   -3.38288    -25.0343    -5.37207
   -7.53671    -15.0483    -6.60619
   -6.30046    -18.5466    -4.44261
   -6.18815    -18.8453    -4.38747
   -4.07849    -25.4485    -4.31989
    1.75397    -30.9507    -5.91113
   -7.24323    -13.1145    -5.05965
   -7.52146    -11.8665    -5.09818
    -6.1333    -19.4449    -4.59506
   -4.41983    -24.4533    -4.28736
   0.307678    -28.8068     -4.8193
    -1.3333    -30.1571    -4.38769
    2.68988    -27.2237    -4.36005
    1.71706    -28.5904    -4.29308
   -1.95956    -30.1812    -5.04836
    -1.0378    -28.2573    -5.15353
   -1.60892    -29.8688    -4.36166
   -6.41557    -17.1032    -4.49691
   -5.71061    -18.9956    -5.04904
    1.83715    -30.8828     -5.9534
    1.35014    -30.7809      -5.031
    2.67809    -27.8957    -4.17744
   -3.10224    -26.2705    -4.54338
   -5.22318    -20.4653    -5.18846
   -5.94697    -20.7623    -5.25883
     3.6041    -28.1206     -6.2405
    8.88772    -4.53571    -6.09623
    10.1602   -0.674183    -6.00611
    9.38037    -3.46276     -4.5902
    8.77281    -6.67774    -4.55255
    7.14988    -14.7131    -4.39728
    5.06425    -21.4417    -4.64217
     8.8131    -7.49041    -4.84214
    9.85492    -1.65578     -4.9394
    10.7142     2.24268    -7.12471
    10.4821     2.03013    -5.12448
    10.5398     3.17841    -4.70683
    10.4506     3.20713    -4.78448
    9.07297    -4.77128    -4.69415
    9.29105    -4.27019    -4.58607
    9.62134    -2.36071      -4.612
    9.53982    -2.90784    -4.61762
      9.221     -4.2706    -4.59009
    8.39926    -9.29186    -4.59722
    6.09572    -17.9121    -4.76858
   -2.70601    -27.2061     -4.3554
 -0.0223154     -30.335    -4.19662
 -0.0942826     -28.845    -4.80439
   -4.70565    -21.3713    -6.22276
   -2.43896    -29.5943    -5.12087
   -4.99101    -23.2735    -4.54367
   -2.86516    -27.9988    -4.28803
   0.337267    -31.2115    -4.91681
    -3.9447     -24.793    -4.36341
   -6.89686    -16.2226    -4.49963
   -7.18897    -15.5875    -4.99496
   -6.61182    -16.5646    -4.41043
   -8.68164    -6.96339    -4.60778
   -9.04625    -7.98906      -7.774
    -6.7832     -18.098    -6.17857
   -2.83984    -26.9542    -4.37695
   -4.84294    -22.8946    -4.26013
   -6.18918    -18.2821    -4.35754
    3.02971    -27.7356    -4.30609
   0.545449    -29.2882    -4.33576
    2.73419     -28.595    -4.52878
    6.52803    -18.6531    -5.38695
    -3.3253    -27.9598    -5.01123
    3.79785    -26.2022    -4.35268
    2.56198    -28.8938    -4.54561
    1.77808    -28.4901    -4.31389
    3.05551    -27.6202    -4.27578
   0.435691     -31.082    -4.79002
  -0.602704    -31.6217    -5.63991
    -7.7923    -12.5348    -4.72587
   -10.3702    0.907617    -5.59566
   -10.3524    0.216067    -6.54932
   -9.93071    -1.04567    -4.83288
   -9.78052      -2.324    -5.14055
   -9.92365     1.06313    -5.78728
   -10.4444      2.2967    -4.77779
   -10.2924     1.87176    -4.67433
   -10.2538     1.14594    -4.74464
   -8.03769    -11.1599    -4.60997
   -7.19591       -13.9    -4.55938
   -7.72493    -11.4575     -4.6437
   -8.24839     -10.689    -5.08546
   -6.26282    -16.9473    -5.16322
   -2.00523    -29.4481     -4.3747
  0.0259987     -30.821    -4.47768
    5.96819    -18.4306    -4.70894
    5.19867    -20.7659    -4.90983
    4.72319    -22.2878    -4.77187
   -3.88075    -25.6057    -4.22343
    2.50116    -27.9703    -4.18344
    5.54937    -18.6817    -6.45696
    6.40239    -18.8853    -5.04458
    1.03091    -28.2605    -5.15499
    1.83058    -28.0219    -4.63037
   -6.98482    -14.6253    -4.65703
   -8.06426    -9.69816    -4.77939
   -8.49426    -9.09709    -4.77712
   -9.05584    -4.35725    -5.09157
   -9.48344    -3.99561    -5.06673
   -8.33291    -9.94626    -4.78989
   -5.41587    -22.4063    -5.01416
     5.3588    -20.2277    -4.95365
    5.41226    -20.7551    -4.39141
    5.63938    -20.7662     -4.3466
    3.02056    -26.7399    -4.32284
   -1.60472     -28.306    -4.57786
  -0.153456    -29.1542    -4.49231
-0.00499691    -30.9141     -4.5583
   -2.92325    -28.4989    -4.74768
    2.48277    -28.0493    -4.17643
  -0.976807    -30.4313    -4.40267
    -5.0792    -23.9806     -5.7488
   -5.66722    -18.7436    -5.61517
    4.34198    -23.4628    -4.62314
    3.59905    -26.9459    -4.55122
   -1.95888    -29.9239    -4.73754
 -0.0837258    -30.6191    -4.33345
   -3.19474    -25.5212    -5.19532
    4.95006    -22.5991    -4.26423
    1.03999      -28.74    -4.58346
  -0.335837    -28.9981     -4.6096
     7.8036    -9.83906    -6.23495
    3.60264    -24.9219    -4.90672
    4.54784     -25.422    -5.56724
   -7.63103    -12.5162    -4.43172
   -7.53837    -11.9325    -4.94421
   -7.91176    -11.2643    -4.45437
   -11.0329     6.33387    -4.76599
   -11.8062     12.3099    -4.95927
   -11.5014     9.84965    -4.81552
   -11.8205     11.8595    -4.84076
   -11.7884     11.9345    -4.86514
   -11.9816     12.5986    -4.96836
   -13.1632     21.6434    -5.06372
   -13.1756     21.7603    -5.05934
   -12.8987     21.2903    -5.92107
    -12.897     21.2258    -5.85138
   -13.1297     22.3533     -5.2049
   -13.5279     24.9267     -5.0558
   -13.5324     25.5465    -5.24148
   -13.8865     26.0181    -6.78358
   -13.5484     26.1147    -5.60611
   -13.2638     25.0064    -7.50239
    -11.792      11.021    -5.07663
    -11.792      11.021    -5.07663
   -11.2559     7.63575    -4.84349
   -11.4172     9.46045    -4.85517
   -10.6832     5.19719    -5.17017
   -10.6803     3.87796    -4.76944
   -8.50046    -8.43165    -4.50769
   -3.05579    -27.4614    -4.22168
   0.448556    -30.7503    -4.47006
   -2.15703    -29.0693    -4.27191
   -4.60502    -24.9836    -5.15157
    3.53912    -26.7943    -4.35538
   -8.05076    -9.97407    -4.63362
   -8.33942    -8.36408    -4.78629
   -7.59671    -13.7454    -4.98909
   -7.74182    -12.8138    -4.75579
   -7.25159    -15.0934    -4.78103
   -7.28984     -13.633    -4.49627
   -7.46122    -13.6967    -4.49786
   -9.25808    -3.61437    -4.79483
   -9.54451    -2.38272    -4.63742
   -9.47475    -2.28628    -4.89543
   -10.3802      1.6354    -4.91651
   -3.51597    -25.0758    -4.94104
    -3.2901    -28.0022    -4.97537
   -1.83918    -27.5251    -5.22341
    -4.0312    -23.1315    -6.20839
   -3.24684    -24.7896    -6.28998
   -6.26049    -19.4368    -5.05039
   -5.94387    -19.9207     -4.4521
  0.0195669     -29.714    -4.18132
    6.12841    -19.8713    -4.97637
     10.101     1.79686    -5.35601
    12.3351     14.2562    -5.86763
    12.0015     14.2703    -5.42201
    12.4861     15.7038    -5.48952
     11.561     10.1762    -4.81189
    11.6985      11.884    -5.16739
    11.5354     11.8382    -6.64666
    12.1224     14.4481    -4.94094
    12.1455     13.9286    -4.93085
    12.0611     13.4405    -4.88794
    12.3085     16.1955    -5.17627
    12.3287     16.5239    -5.32804
    12.5703     16.7056    -5.17429
     12.589     15.9755    -6.16387
    12.1154     14.7399    -5.12275
    12.5111     16.4707    -5.04181
     12.735     19.2957    -5.15734
    13.4857     25.1697    -5.23625
    13.6197     25.2279    -5.15662
    13.4089      23.096    -5.39532
    13.2662      23.938    -5.67049
     13.516       25.14    -5.11017
    13.2466      23.384    -5.29324
    13.8587     28.6368     -5.6187
    13.8826     28.9443    -5.73791
    14.1668     29.3717    -5.49473
    13.9464     29.4042    -5.66767
    14.2915     29.5092    -6.71895
    14.1246     28.2945    -6.35034
     14.233     29.2493    -6.31525
    14.0013     30.2579    -6.16728
     14.177     30.9504    -5.35925
    14.0212     27.7553    -5.87176
    14.3396      29.867    -6.82482
    13.5385     25.8242    -5.40682
    13.4642     25.4483    -5.61207
    13.8222     26.2739     -5.6386
    13.0966     20.8816    -5.16307
    13.0354     21.1826    -5.01128
    13.1168     21.4523    -5.01392
    13.7917     25.8622    -5.81233
    13.4057     25.4077    -6.15497
    13.9624     26.3661    -7.35915
    13.3834     22.3509    -5.99314
     12.555     17.7842    -5.05164
     12.797     19.2317    -4.96453
    12.4422     15.2334    -5.64584
    11.9071     13.5448     -5.3606
    12.2427     14.0366    -5.32105
    11.0618     7.63551    -5.18124
    11.0513     5.70467    -5.18822
    10.2138    0.391368    -5.07162
    2.67154    -28.1834    -4.22881
   0.804591    -29.2532    -4.29637
   -3.59263    -26.7528    -4.40022
   -3.12636      -27.45    -4.26238
    -3.0138    -26.8182    -4.29023
    3.70469    -25.3163    -4.36941
    3.09916    -25.3446    -5.76194
   -4.48049    -25.6977    -5.72023
  -0.875127    -29.0776    -4.38416
  -0.546743    -30.6911    -4.44674
    1.31487    -29.4613    -4.14931
    2.08813    -27.6653    -4.68928
     2.9675    -28.5163    -4.85514
   0.640936    -31.3707    -5.25842
  0.0670563    -31.8931    -5.93497
  -0.662248    -32.5083    -7.62714
  -0.178539    -32.8914    -8.34832
   -2.30852    -27.5054    -4.56831
   -1.04705     -29.075    -4.32361
   -1.04705     -29.075    -4.32361
    1.99996    -28.7551    -4.16147
    -4.9424    -23.7949    -4.89327
     -4.617    -23.9029    -4.29141
   -1.69584     -27.918    -4.89807
    2.42986    -26.7188    -5.30986
   -4.59365    -24.8608    -4.95555
    5.85044    -20.5793     -4.6708
    5.19891    -22.7219    -4.62046
   0.339162    -30.1402     -4.1563
   -2.49442    -27.6235    -4.30156
   -3.13498     -25.881    -4.87473
  -0.544977    -29.6463    -4.17695
   0.896961    -29.2134     -4.2931
    1.37045    -29.8187    -4.22287
   -4.47487    -24.7998    -4.56633
   0.245443    -29.0181    -4.60523
    2.38052    -27.0891    -4.90192
    7.57156    -14.0996     -5.2698
    5.22525    -20.4475    -5.20386
   -4.60392    -24.4769    -4.59563
    -5.3883    -22.0014     -4.5388
    -5.7526    -20.1738    -4.31108
   -6.69926    -16.2892     -4.3953
    4.26136    -25.4354    -4.62124
   -7.01906    -15.1621    -4.38846
   -7.38242    -14.2548     -4.5959
    1.24451    -30.4281    -4.54669
    2.30534     -29.213    -4.49296
    9.60008    -3.62419    -5.41112
    9.47525    -4.37551    -5.44691
    9.03099    -5.10409    -4.63997
    5.25589    -21.5405    -4.29341
    8.09382    -11.1036     -4.7542
    6.88062    -14.6146    -5.07635
    8.75713    -6.24961     -4.8008
    6.47526    -17.9932    -4.51362
    7.74843    -11.3119    -4.66958
    8.18396    -10.0571    -4.48663
    3.61313    -26.0707    -4.20582
    3.25234    -27.4112    -4.36417
    5.28157    -21.4536    -4.29576
    1.81869    -29.7094    -4.40319
  -0.421374    -29.3749    -4.30482
    2.09216    -28.7669    -4.16555
   -6.30164    -19.3424    -5.12733
   -3.27291    -27.9676    -4.89158
    2.51587    -28.7079    -4.35622
   0.701744    -30.7746    -4.56828
    1.20222    -30.8433    -4.96291
   -1.19961    -28.0905    -5.23955
     3.0377    -29.6493    -7.10892
   -1.75424    -26.6331    -7.14162
  -0.891912    -28.1778     -5.3983
     5.0781    -22.0391    -4.29467
   -5.73562    -19.6005    -4.44553
   -6.64985    -16.5129    -4.38597
   -7.49275    -15.0098    -6.13652
   -6.99778    -13.7447    -5.60937
   -6.46438    -18.0811    -4.54007
    2.16232    -28.8794    -4.20364
  -0.298706    -27.9224    -6.24393
   -5.53434    -21.7962    -4.77861
   -5.43103    -19.3427    -5.92321
    2.03798    -30.4954    -5.67751
   -2.47511    -26.5614    -5.45224
   -6.33186    -15.5344    -7.31252
   -5.63554    -19.2247    -5.07739
   -6.86527    -16.7441    -4.76655
   -4.78525    -22.4962    -4.45607
   -4.69592      -24.09    -4.49956
   -5.57913    -22.0596    -5.27277
    3.35695    -26.6047    -4.19691
   -3.80846    -25.3115    -4.26982
    4.52036    -25.4317    -5.46225
   -3.36582    -26.1782    -4.28664
      2.837    -26.6917    -4.58006
   -2.02413    -29.7414    -4.63192
    6.85937    -16.5498    -4.59689
    8.31448    -8.51078    -4.76741
    7.70646    -11.8892    -4.48061
    7.75801    -12.2439    -4.48637
    7.83633    -12.0535    -4.56074
    7.91726    -10.5085    -4.68954
    8.39837    -9.57887    -4.76594
    8.49313    -8.09298    -4.53678
    7.12645    -14.4222    -4.45286
    6.29223     -17.981    -4.34842
    5.98904    -18.5244    -4.57542
     7.7562    -12.7429    -4.75369
    7.32937     -13.031    -4.77292
    1.94327     -29.514    -4.36855
    1.54774    -28.7651    -4.28568
   -5.84923    -20.4181    -4.54417
   -4.30164    -24.5418    -4.23731
   0.169845    -31.1198    -4.77731
   0.663823    -28.4283    -5.17873
    1.07133    -28.2454    -5.14067
    -4.5237    -22.7913    -4.81476
   -2.74898    -26.8124    -4.60189
   -2.84723    -27.8444    -4.21921
   0.152694    -29.8992    -4.14498
   0.669839    -29.4996    -4.20962
  -0.525068    -29.7351    -4.15843
   -1.23963    -28.5639    -4.62352
   -2.13718    -29.0303    -4.24353
   -3.62874     -24.921    -4.84319
   -5.21895    -21.9656    -4.28601
   -7.59475    -14.0607    -5.36019
   -8.72651    -7.84465    -4.75945
     -8.853    -5.98119    -4.66042
   -9.70761    -2.34673    -4.80263
   -8.67554    -6.75713    -4.73681
   -8.26656    -9.20014    -4.52685
   -8.32084    -9.60875    -4.55871
   -7.95602    -11.3278    -4.50727
   -7.58695    -12.5088    -4.45307
   -9.00152    -6.01934    -4.59925
   -8.63742    -6.99039    -4.71075
   -9.31712    -2.95216    -5.07973
   -8.53783    -7.41215    -4.76376
    -8.1092    -10.6463     -4.5392
   -8.57642    -7.62681    -4.55527
   -8.42506    -8.72863    -4.49564
    -9.7103    0.106666    -6.26752
   -9.94219    -0.34945     -4.6347
   -8.65717    -7.51858     -4.5152
   -8.38454    -6.63098    -7.08863
   -2.10314     -29.904    -4.92022
   -5.33753    -22.7513    -5.12544
   -3.08886    -27.8334    -4.43015
    7.84739     -12.958    -5.47437
    7.13674    -15.8917    -5.08147
    1.17063    -30.6143    -4.67304
   -4.00569    -24.6274    -4.37691
   -4.34488    -23.7487    -4.40769
    4.87322    -22.7113    -4.27269
    5.03966    -22.5095    -4.27577
   -6.73034    -15.9711     -4.4636
   -6.72972    -16.4702    -4.36853
    1.33629    -31.6931     -6.6331
    -10.504      2.9715     -4.7004
   -11.0512     6.92146    -4.79111
   -10.6483     4.22632    -4.72948
   -10.8764     5.41442    -4.73469
   -10.6278     5.41823    -5.88039
   -10.9449     5.80287    -4.74849
   -10.2927      1.9605    -4.68609
   -10.1291     1.32861    -4.80401
   -10.6953     5.24704    -5.14479
   -11.2728     7.39125    -5.04356
   -11.1348      7.4383    -4.78994
   -11.1591     8.01466    -4.97911
   -9.83724    0.359252    -5.50596
   -10.6601     1.88542    -7.14156
   -10.9942      8.4167    -7.06745
   -10.8487     4.38866    -5.15179
   -10.6755     5.13487    -5.15685
   -10.3129     2.79805    -5.06956
   -11.9019     12.8731    -4.91959
   -11.5277     10.3703    -4.93199
   -10.8451     5.72904    -4.82715
   -10.6355     3.68338    -4.73745
   -10.4106     3.62774    -5.30255
   -10.3006     1.57538    -4.70359
   -10.2591     2.23796     -4.8867
   -10.1234     2.01518    -5.45925
   -11.1203     5.87883    -5.50204
   -9.74872   -0.198739    -5.44771
   0.874905    -30.9025    -4.78518
   -4.73554    -24.0507    -4.55549
    -4.8763    -23.9127    -4.80659
   -3.73559    -27.1539    -5.10839
    6.46661    -17.5301    -4.35238
    -1.6049    -29.0543     -4.1683
  0.0243778      -30.16     -4.1533
    1.74397    -29.3042    -4.17913
   -2.17605    -30.7073    -6.42795
    3.21018    -25.8528    -4.74911
     4.0396    -24.4915     -4.4099
    2.89311    -27.6007    -4.18856
    1.57772    -29.7057    -4.25526
   -1.69698    -29.3837    -4.18552
   -1.75171    -29.1539    -4.15858
    3.80768    -25.3084    -4.27146
   -1.29807    -30.4409    -4.59671
  -0.238191    -30.9101    -4.57048
   -3.46626    -25.7969    -4.37969
    -3.7033    -25.0974    -4.51975
    3.51363    -26.8062    -4.33217
   -4.05214    -23.6822    -5.19123
    1.28046    -30.8078    -4.99321
    5.91133    -20.2187    -4.56147
  -0.584676    -31.2893    -5.11082
   -1.85103    -29.2208    -4.18852
   -5.74495    -20.5611    -4.41241
   -4.07825    -25.8847    -4.60582
    3.49323    -26.6686    -4.25574
   -4.16479    -25.3657    -4.38924
    2.86891    -27.0215    -4.31132
    4.26942    -24.4289    -4.23687
    4.52057    -23.0396     -4.5869
    4.29531     -23.159    -5.08571
    8.39216    -10.6234    -6.02726
    4.23903    -24.7942    -4.24742
    2.69694    -27.2206    -4.35523
    3.46565    -26.9245    -4.33977
   -4.44578    -23.4134    -4.45516